Test from 100 to 1000
[100, 190, 280, 370, 460, 550, 640, 730, 820, 910]
[0.008043999999999996, 0.023050000000000015, 0.05642199999999997, 0.08147499999999996, 0.09198400000000007, 0.12893799999999978, 0.2047500000000002, 0.23967099999999952, 0.30432799999999993, 0.41441899999999876]
Test from 100 to 1000
[100, 190, 280, 370, 460, 550, 640, 730, 820, 910]
[0.002786999999999651, 0.009619999999999962, 0.031011999999998707, 0.0459069999999997, 0.08314099999999947, 0.12194299999999991, 0.16419899999999998, 0.23229400000000133, 0.3145409999999984, 0.43588500000000074]
Test from 100 to 1000
[100, 190, 280, 370, 460, 550, 640, 730, 820, 910]
[0.002935000000000798, 0.009465999999999752, 0.024570999999998122, 0.05508999999999986, 0.07221999999999795, 0.11098100000000244, 0.18250400000000155, 0.21189999999999998, 0.3371200000000023, 0.3908580000000015]
Test from 100 to 1000
[100, 190, 280, 370, 460, 550, 640, 730, 820, 910]
[0.002932000000001267, 0.01534600000000097, 0.023749999999999716, 0.044443999999998596, 0.07955199999999962, 0.11958399999999969, 0.16929000000000016, 0.24163599999999974, 0.31582500000000024, 0.43919099999999744]
Test from 100 to 1000
[100, 190, 280, 370, 460, 550, 640, 730, 820, 910]
[0.002874999999999517, 0.009484999999997967, 0.02558000000000149, 0.052213999999999317, 0.09404100000000071, 0.13656200000000496, 0.17681399999999314, 0.25980200000000053, 0.34206999999999965, 0.46793800000000374]
Test from 100 to 1000
[100, 190, 280, 370, 460, 550, 640, 730, 820, 910]
[0.0028679999999994266, 0.008915999999999258, 0.023770999999996434, 0.046709999999997365, 0.07927900000000676, 0.11820300000000117, 0.1559700000000035, 0.23034799999999933, 0.2971849999999989, 0.4275999999999982]
Test from 100 to 1000
[100, 190, 280, 370, 460, 550, 640, 730, 820, 910]
[0.0031139999999965084, 0.009028999999998177, 0.03491700000000009, 0.06190700000000504, 0.08436100000000124, 0.12711799999999585, 0.1694959999999952, 0.24547400000000152, 0.32912200000000524, 0.5272509999999997]
Test from 100 to 1000
[100, 190, 280, 370, 460, 550, 640, 730, 820, 910]
[0.0031409999999993943, 0.008926999999999907, 0.024211999999998568, 0.057014999999999816, 0.0748400000000018, 0.1212719999999976, 0.1964359999999985, 0.2312960000000004, 0.35968400000000145, 0.41265699999999583]
Test from 100 to 1000
[100, 190, 280, 370, 460, 550, 640, 730, 820, 910]
[0.00315599999999705, 0.009126000000001966, 0.03275000000000006, 0.04595500000000641, 0.08031700000000086, 0.2084159999999997, 0.17218499999999892, 0.25287600000000054, 0.3156089999999949, 0.47918199999999445]
Test from 100 to 1000
[100, 190, 280, 370, 460, 550, 640, 730, 820, 910]
[0.0031940000000076907, 0.009618000000003235, 0.025323000000000206, 0.054389000000000465, 0.07687699999999609, 0.11422600000000216, 0.18018600000000617, 0.25889100000000553, 0.3384670000000085, 0.38125199999998927]
Test from 100 to 1000
[100, 190, 280, 370, 460, 550, 640, 730, 820, 910]
[0.0031010000000009086, 0.014247999999994931, 0.025895000000005552, 0.04532899999999529, 0.12256599999999196, 0.14583700000000022, 0.1659920000000028, 0.2314049999999952, 0.30805200000000355, 0.44369700000000023]
Test from 100 to 1000
[100, 190, 280, 370, 460, 550, 640, 730, 820, 910]
[0.005771999999993227, 0.016982999999996196, 0.023187000000007174, 0.0505810000000082, 0.08723800000001347, 0.13005300000000375, 0.17430799999999635, 0.26558300000000656, 0.3144319999999965, 0.45124400000000264]
Test from 100 to 1000
[100, 190, 280, 370, 460, 550, 640, 730, 820, 910]
[0.003056000000000836, 0.008872000000010871, 0.021688999999994962, 0.04281100000000038, 0.07269399999999848, 0.11254399999999976, 0.18782099999999957, 0.22236200000000395, 0.354093000000006, 0.40147300000000996]
Test from 100 to 1000
[100, 190, 280, 370, 460, 550, 640, 730, 820, 910]
[0.0029339999999962174, 0.008657999999996946, 0.03257499999999425, 0.046620000000004325, 0.08134499999999889, 0.13251400000000046, 0.16714500000000498, 0.24140900000000443, 0.3027760000000086, 0.4466669999999908]
Test from 100 to 1000
[100, 190, 280, 370, 460, 550, 640, 730, 820, 910]
[0.00286400000000242, 0.009522000000004027, 0.023949000000001774, 0.05201200000000483, 0.07130100000000539, 0.10571399999999187, 0.17667799999999545, 0.20875499999999647, 0.33130400000000293, 0.38514299999999935]
Test from 100 to 1000
[100, 190, 280, 370, 460, 550, 640, 730, 820, 910]
[0.0028559999999941965, 0.014020999999999617, 0.02464899999999659, 0.05002500000000509, 0.08368300000000772, 0.12197499999999195, 0.16541300000000092, 0.24527500000000657, 0.3149000000000086, 0.4536200000000008]
Test from 100 to 1000
[100, 190, 280, 370, 460, 550, 640, 730, 820, 910]
[0.0032699999999863394, 0.009513999999995804, 0.02468399999999349, 0.05465100000000689, 0.08926800000000412, 0.12679799999999375, 0.16848600000000147, 0.2505299999999977, 0.32317199999999957, 0.4418439999999748]
Test from 100 to 1000
[100, 190, 280, 370, 460, 550, 640, 730, 820, 910]
[0.002868000000006532, 0.008845000000007985, 0.02187799999998674, 0.041695000000004256, 0.08015000000000327, 0.11316300000001434, 0.19720599999999422, 0.22943699999999012, 0.30914599999999837, 0.40361100000001215]
Test from 100 to 1000
[100, 190, 280, 370, 460, 550, 640, 730, 820, 910]
[0.0030690000000106465, 0.008841000000018084, 0.03702200000000744, 0.04796299999998155, 0.08548500000000558, 0.12897599999999443, 0.17376799999999548, 0.25006699999997295, 0.320904999999982, 0.4524509999999964]
Test from 100 to 1000
[100, 190, 280, 370, 460, 550, 640, 730, 820, 910]
[0.0030830000000037217, 0.008885999999989735, 0.02241300000000024, 0.05344700000000557, 0.0736750000000086, 0.11369899999999689, 0.1933300000000031, 0.2174750000000074, 0.33940199999997844, 0.4014789999999948]
Test from 100 to 1000
[100, 190, 280, 370, 460, 550, 640, 730, 820, 910]
[0.00723, 0.014604999999999993, 0.04008800000000004, 0.055313, 0.088306, 0.13609400000000016, 0.268027, 0.23763200000000007, 0.32150700000000043, 0.40231499999999976]
Test from 100 to 1000
[100, 190, 280, 370, 460, 550, 640, 730, 820, 910]
[0.0031629999999989167, 0.010059999999999292, 0.03084200000000159, 0.047705999999999804, 0.08361700000000027, 0.12957600000000014, 0.17028099999999924, 0.24358299999999922, 0.31390200000000057, 0.4234980000000004]
Test from 100 to 1000
[100, 190, 280, 370, 460, 550, 640, 730, 820, 910]
[0.0032580000000006493, 0.009546000000000276, 0.02477100000000121, 0.054518999999999096, 0.0713860000000004, 0.11009300000000266, 0.17654100000000028, 0.22532599999999903, 0.33922799999999853, 0.38328399999999974]
Test from 100 to 1000
[100, 190, 280, 370, 460, 550, 640, 730, 820, 910]
[0.0027639999999991005, 0.014889000000000152, 0.024240999999999957, 0.04692800000000119, 0.08008899999999741, 0.11949900000000113, 0.16497899999999888, 0.2369070000000022, 0.29434800000000294, 0.4098210000000009]
Test from 100 to 1000
[100, 190, 280, 370, 460, 550, 640, 730, 820, 910]
[0.0031719999999992865, 0.00961200000000062, 0.02594699999999861, 0.05329799999999807, 0.09176800000000185, 0.12840599999999824, 0.17644499999999397, 0.24244099999999946, 0.3153440000000032, 0.4291649999999976]
Test from 100 to 1000
[100, 190, 280, 370, 460, 550, 640, 730, 820, 910]
[0.0029079999999979123, 0.009216999999999587, 0.02355399999999719, 0.046192000000004896, 0.08241199999999793, 0.1196819999999974, 0.1543799999999962, 0.2341030000000046, 0.28667500000000246, 0.4055269999999993]
Test from 100 to 1000
[100, 190, 280, 370, 460, 550, 640, 730, 820, 910]
[0.0032530000000008386, 0.009776000000002227, 0.03193999999999875, 0.047132999999995207, 0.08563800000000299, 0.12641599999999897, 0.17642800000000136, 0.24384299999999826, 0.3205159999999978, 0.41998999999999853]
Test from 100 to 1000
[100, 190, 280, 370, 460, 550, 640, 730, 820, 910]
[0.0029180000000010864, 0.010271000000003028, 0.022921000000003744, 0.05477199999999982, 0.0711690000000047, 0.10991200000000134, 0.18073800000000517, 0.21124999999999972, 0.3295749999999984, 0.37856400000000434]
Test from 100 to 1000
[100, 190, 280, 370, 460, 550, 640, 730, 820, 910]
[0.003018000000004406, 0.008827999999994063, 0.03099900000000133, 0.04614199999999613, 0.07992600000000039, 0.13140699999999583, 0.17960100000000523, 0.23403700000000072, 0.30038199999999904, 0.42052900000000193]
Test from 100 to 1000
[100, 190, 280, 370, 460, 550, 640, 730, 820, 910]
[0.0031699999999972306, 0.00989699999999516, 0.02507899999999097, 0.054186999999998875, 0.07400899999998956, 0.1095370000000031, 0.1779849999999925, 0.24510499999999524, 0.32118900000000394, 0.3841019999999986]
Test from 100 to 1000
[100, 190, 280, 370, 460, 550, 640, 730, 820, 910]
[0.012385999999992237, 0.00989699999999516, 0.02516999999998859, 0.04596999999999696, 0.08093999999999824, 0.11462199999999712, 0.15922499999999218, 0.22325899999999876, 0.2906630000000092, 0.40845199999999693]
Test from 100 to 1000
[100, 190, 280, 370, 460, 550, 640, 730, 820, 910]
[0.0027829999999937627, 0.009189999999989595, 0.02347000000000321, 0.05645900000000381, 0.0865050000000025, 0.13026400000001104, 0.17038000000000864, 0.2446340000000049, 0.3164170000000013, 0.4372029999999967]
Test from 100 to 1000
[100, 190, 280, 370, 460, 550, 640, 730, 820, 910]
[0.003342000000003509, 0.009864000000007422, 0.02765200000000334, 0.09715699999999572, 0.07430399999999793, 0.11720800000000509, 0.18755400000000577, 0.2177300000000031, 0.3449820000000017, 0.38731099999999685]
Test from 100 to 1000
[100, 190, 280, 370, 460, 550, 640, 730, 820, 910]
[0.0028060000000067475, 0.009183000000007269, 0.030034999999998035, 0.046533000000010816, 0.07983399999999108, 0.12444399999999689, 0.1668240000000054, 0.2324689999999947, 0.29934399999999073, 0.41977500000000134]
Test from 100 to 1000
[100, 190, 280, 370, 460, 550, 640, 730, 820, 910]
[0.002937000000002854, 0.009166000000007557, 0.025316999999986933, 0.056825000000003456, 0.07727800000000684, 0.11137200000000291, 0.2500699999999938, 0.2129199999999969, 0.3295219999999972, 0.3810000000000002]
Test from 100 to 1000
[100, 190, 280, 370, 460, 550, 640, 730, 820, 910]
[0.002797999999998524, 0.015491999999994732, 0.024261999999993122, 0.045277999999996155, 0.07807300000000339, 0.12042200000000491, 0.16119899999999632, 0.2318819999999988, 0.29055999999999926, 0.4096060000000108]
Test from 100 to 1000
[100, 190, 280, 370, 460, 550, 640, 730, 820, 910]
[0.0028110000000083346, 0.00890700000000777, 0.02450600000000236, 0.055564000000003944, 0.08728599999999176, 0.12799299999998937, 0.16969300000000942, 0.2450979999999987, 0.31620799999998894, 0.441301999999979]
Test from 100 to 1000
[100, 190, 280, 370, 460, 550, 640, 730, 820, 910]
[0.0029780000000130258, 0.008976999999987356, 0.023678000000018073, 0.04544599999999832, 0.08051100000000133, 0.11280099999999038, 0.18400299999998992, 0.22283899999999335, 0.33995100000001344, 0.39492799999999306]
Test from 100 to 1000
[100, 190, 280, 370, 460, 550, 640, 730, 820, 910]
[0.0029169999999965057, 0.01069400000000087, 0.030304000000000997, 0.04864899999998329, 0.08403300000000513, 0.11784499999998843, 0.15971799999999803, 0.23339700000002495, 0.3184240000000216, 0.45173900000000344]
Test from 100 to 1000
[100, 190, 280, 370, 460, 550, 640, 730, 820, 910]
[0.0028460000000052332, 0.008878000000009934, 0.024324000000007118, 0.0565249999999935, 0.07341900000000123, 0.12012599999999907, 0.17864499999998884, 0.22672000000000025, 0.3255180000000166, 0.39027600000000007]
