Test from 100 to 1000
[100, 190, 280, 370, 460, 550, 640, 730, 820, 910]
[0.009957000000000008, 0.03416399999999997, 0.080179, 0.1453120000000001, 0.2189059999999996, 0.3210549999999994, 0.5338449999999995, 0.750235, 0.9925139999999999, 1.187345999999998]
Test from 100 to 1000
[100, 190, 280, 370, 460, 550, 640, 730, 820, 910]
[0.0058969999999973766, 0.025652000000000896, 0.07645399999999825, 0.13257300000000072, 0.19377599999999973, 0.28628500000000656, 0.4996140000000082, 0.7028920000000056, 0.9753790000000038, 1.1782790000000034]
Test from 100 to 1000
[100, 190, 280, 370, 460, 550, 640, 730, 820, 910]
[0.006083000000003835, 0.025288000000003308, 0.07719900000000735, 0.13439700000000698, 0.19240700000000288, 0.2886400000000009, 0.49415900000002466, 0.6848029999999881, 0.9478229999999996, 1.147547000000003]
Test from 100 to 1000
[100, 190, 280, 370, 460, 550, 640, 730, 820, 910]
[0.00685500000000161, 0.023013000000020156, 0.07385499999998046, 0.12438399999999206, 0.1911089999999831, 0.3292509999999993, 0.47774999999998613, 0.6915079999999989, 0.9936530000000232, 1.2334099999999921]
Test from 100 to 1000
[100, 190, 280, 370, 460, 550, 640, 730, 820, 910]
[0.00688299999998776, 0.02524200000001997, 0.06072900000000914, 0.12847500000000878, 0.22092000000000667, 0.3156020000000126, 0.46183500000000777, 0.66413399999999, 0.8814990000000194, 1.2751499999999965]
Test from 100 to 1000
[100, 190, 280, 370, 460, 550, 640, 730, 820, 910]
[0.009969000000012329, 0.023723000000018146, 0.057512999999971726, 0.12655399999999872, 0.2165899999999965, 0.31783199999995304, 0.46359800000004725, 0.6584750000000099, 0.8892460000000142, 1.2110359999999787]
Test from 100 to 1000
[100, 190, 280, 370, 460, 550, 640, 730, 820, 910]
[0.006774000000007163, 0.023589000000015403, 0.07519800000000032, 0.1266469999999913, 0.1914820000000077, 0.33838700000001154, 0.49187200000000075, 0.689694999999972, 0.9351120000000037, 1.18848399999996]
Test from 100 to 1000
[100, 190, 280, 370, 460, 550, 640, 730, 820, 910]
[0.006987000000037824, 0.023943000000031134, 0.08100999999999203, 0.13189499999998588, 0.20224999999999227, 0.34937499999995225, 0.491250999999977, 0.6860040000000254, 0.9426880000000324, 1.1507080000000087]
Test from 100 to 1000
[100, 190, 280, 370, 460, 550, 640, 730, 820, 910]
[0.006548000000009324, 0.022919000000001688, 0.0689970000000244, 0.11985900000001948, 0.2178739999999948, 0.31889699999999266, 0.46308500000003505, 0.6538320000000226, 0.9267839999999978, 1.2172310000000834]
Test from 100 to 1000
[100, 190, 280, 370, 460, 550, 640, 730, 820, 910]
[0.006439000000000306, 0.02354800000000523, 0.06008900000006179, 0.12705700000003617, 0.21041699999989305, 0.30080499999996846, 0.44761499999992793, 0.6399320000000444, 0.8791450000001078, 1.1742719999999736]
Test from 100 to 1000
[100, 190, 280, 370, 460, 550, 640, 730, 820, 910]
[0.012892, 0.03203800000000001, 0.08231199999999994, 0.1458440000000003, 0.21416799999999991, 0.31448300000000096, 0.5072790000000005, 0.7330530000000017, 1.0460259999999977, 1.279047999999996]
Test from 100 to 1000
[100, 190, 280, 370, 460, 550, 640, 730, 820, 910]
[0.006019000000001995, 0.025945000000000107, 0.07892499999999814, 0.13388100000000236, 0.2021310000000014, 0.3001589999999936, 0.506647000000001, 0.724096000000003, 0.9915299999999974, 1.2034419999999955]
Test from 100 to 1000
[100, 190, 280, 370, 460, 550, 640, 730, 820, 910]
[0.0063829999999995835, 0.024958000000012248, 0.07606699999999478, 0.1293890000000033, 0.20306199999998853, 0.34484300000001156, 0.49561800000000744, 0.6798510000000135, 0.9396319999999889, 1.1342839999999796]
Test from 100 to 1000
[100, 190, 280, 370, 460, 550, 640, 730, 820, 910]
[0.00686999999999216, 0.03381400000000667, 0.05977899999999181, 0.11553999999998155, 0.21321399999999358, 0.3073620000000119, 0.46500999999997816, 0.6338230000000067, 0.8780079999999941, 1.1312049999999942]
Test from 100 to 1000
[100, 190, 280, 370, 460, 550, 640, 730, 820, 910]
[0.0070200000000113505, 0.024707000000006474, 0.07125000000002046, 0.1282369999999844, 0.22906699999998636, 0.3202829999999892, 0.47147699999999304, 0.6647199999999884, 0.9363579999999843, 1.3115490000000136]
Test from 100 to 1000
[100, 190, 280, 370, 460, 550, 640, 730, 820, 910]
[0.006971000000021377, 0.024586999999996806, 0.05893000000003212, 0.13026800000000094, 0.22854999999998427, 0.32896799999997484, 0.47968200000002525, 0.6762250000000449, 0.9649269999999888, 1.208236999999997]
Test from 100 to 1000
[100, 190, 280, 370, 460, 550, 640, 730, 820, 910]
[0.01121699999998782, 0.02452299999998786, 0.05625300000002653, 0.12641600000000608, 0.2143029999999726, 0.3093759999999861, 0.4531340000000341, 0.6378199999999765, 0.8987209999999664, 1.231253000000038]
Test from 100 to 1000
[100, 190, 280, 370, 460, 550, 640, 730, 820, 910]
[0.0065529999999967, 0.025379999999984193, 0.05924200000004021, 0.12391699999994898, 0.2117059999999924, 0.3099409999999807, 0.4585089999999923, 0.6274360000000456, 0.8894939999999565, 1.2173070000000052]
Test from 100 to 1000
[100, 190, 280, 370, 460, 550, 640, 730, 820, 910]
[0.00657699999999295, 0.02487199999995937, 0.07408199999997578, 0.12722000000002254, 0.231083999999953, 0.334054999999978, 0.47444999999999027, 0.6787499999999795, 1.0113279999999918, 1.250586999999996]
Test from 100 to 1000
[100, 190, 280, 370, 460, 550, 640, 730, 820, 910]
[0.006709000000000742, 0.02261800000007952, 0.058111000000053536, 0.13051799999993818, 0.1872240000000147, 0.33275700000001507, 0.4800440000000208, 0.6808409999999867, 0.9679849999999988, 1.2491640000000643]
