Test from 100 to 1000
[100, 190, 280, 370, 460, 550, 640, 730, 820, 910]
[0.0009100000000000011, 0.001815000000000011, 0.004040999999999961, 0.0036370000000000013, 0.005506000000000011, 0.007537000000000127, 0.010164999999999758, 0.013392999999999766, 0.015848999999999336, 0.02782499999999999]
Test from 100 to 1000
[100, 190, 280, 370, 460, 550, 640, 730, 820, 910]
[0.0004399999999993298, 0.0011369999999999436, 0.002893999999999508, 0.003510000000000346, 0.005360999999998839, 0.007054000000000116, 0.011248000000000147, 0.01271600000000106, 0.015361000000000402, 0.0193670000000008]
Test from 100 to 1000
[100, 190, 280, 370, 460, 550, 640, 730, 820, 910]
[0.00044100000000035777, 0.0010969999999996816, 0.002342999999999762, 0.003523000000001275, 0.005527999999998201, 0.007497999999998228, 0.00992700000000113, 0.013061000000000433, 0.01548700000000025, 0.026145999999997116]
Test from 100 to 1000
[100, 190, 280, 370, 460, 550, 640, 730, 820, 910]
[0.0004810000000006198, 0.0011440000000000339, 0.0023489999999988243, 0.0037640000000003226, 0.005458000000000851, 0.007068000000000296, 0.009994999999999976, 0.013114000000001624, 0.015688999999998288, 0.02032400000000223]
Test from 100 to 1000
[100, 190, 280, 370, 460, 550, 640, 730, 820, 910]
[0.0004729999999995016, 0.0018519999999995207, 0.002372000000001151, 0.0034540000000014004, 0.0053109999999989554, 0.00729899999999617, 0.009831999999995844, 0.012855000000001837, 0.016946000000004346, 0.02040599999999415]
Test from 100 to 1000
[100, 190, 280, 370, 460, 550, 640, 730, 820, 910]
[0.0004210000000028913, 0.0011099999999970578, 0.0023109999999988418, 0.003492000000001383, 0.005586999999998454, 0.00710899999999981, 0.009754000000000929, 0.01277300000000281, 0.01970800000000139, 0.019562000000000523]
Test from 100 to 1000
[100, 190, 280, 370, 460, 550, 640, 730, 820, 910]
[0.0004069999999956053, 0.001064999999996985, 0.0028930000000002565, 0.0037069999999985725, 0.0054909999999992465, 0.007300999999998226, 0.009967000000003168, 0.013004999999999711, 0.0157610000000048, 0.020172999999999774]
Test from 100 to 1000
[100, 190, 280, 370, 460, 550, 640, 730, 820, 910]
[0.00041699999999877946, 0.0010990000000035138, 0.0022739999999998872, 0.00357400000000041, 0.005417999999998813, 0.007421000000000788, 0.009954999999997938, 0.013259000000005017, 0.01818800000000209, 0.021385000000002208]
Test from 100 to 1000
[100, 190, 280, 370, 460, 550, 640, 730, 820, 910]
[0.0004860000000022069, 0.0012919999999994047, 0.002288999999997543, 0.0038890000000009195, 0.005386000000001445, 0.007304999999995232, 0.010119000000003098, 0.016080000000002315, 0.015853000000007, 0.019801999999998543]
Test from 100 to 1000
[100, 190, 280, 370, 460, 550, 640, 730, 820, 910]
[0.0004860000000093123, 0.0010499999999922238, 0.002488999999997077, 0.003605000000007408, 0.005621000000004983, 0.00743899999999087, 0.010354000000006636, 0.013023000000004004, 0.017236999999994396, 0.02007600000000309]
Test from 100 to 1000
[100, 190, 280, 370, 460, 550, 640, 730, 820, 910]
[0.00038699999998925705, 0.0010670000000061464, 0.0022659999999916636, 0.0035150000000072623, 0.005402000000003682, 0.0074939999999941165, 0.011839000000009037, 0.01272200000001078, 0.01631799999999828, 0.021395999999995752]
Test from 100 to 1000
[100, 190, 280, 370, 460, 550, 640, 730, 820, 910]
[0.0007439999999974134, 0.0018689999999992324, 0.0023160000000075343, 0.0035419999999959373, 0.005335999999999785, 0.007157999999989784, 0.00974499999999523, 0.013698000000005095, 0.01572900000000743, 0.02192599999999345]
Test from 100 to 1000
[100, 190, 280, 370, 460, 550, 640, 730, 820, 910]
[0.0004160000000013042, 0.001004999999992151, 0.0023620000000050823, 0.0035189999999971633, 0.005357000000003609, 0.007861000000005447, 0.011120000000005348, 0.013432999999992035, 0.015326000000001727, 0.020354999999995016]
Test from 100 to 1000
[100, 190, 280, 370, 460, 550, 640, 730, 820, 910]
[0.0004160000000013042, 0.0010149999999953252, 0.0023300000000006094, 0.003776000000002, 0.005341000000001372, 0.007602999999988924, 0.009776999999999703, 0.01362100000000055, 0.015527000000005842, 0.02000900000000172]
Test from 100 to 1000
[100, 190, 280, 370, 460, 550, 640, 730, 820, 910]
[0.00045899999999221563, 0.0010060000000038372, 0.002387999999996282, 0.0035090000000082, 0.005503999999987741, 0.00828599999999824, 0.011169000000009532, 0.013217999999994845, 0.015389999999996462, 0.019283000000001493]
Test from 100 to 1000
[100, 190, 280, 370, 460, 550, 640, 730, 820, 910]
[0.00040399999998896874, 0.0010750000000001592, 0.0030459999999976617, 0.005885000000006357, 0.005343000000010534, 0.007059999999995625, 0.009968999999998118, 0.012700999999992746, 0.01653500000000463, 0.02045599999999581]
Test from 100 to 1000
[100, 190, 280, 370, 460, 550, 640, 730, 820, 910]
[0.0004590000000064265, 0.0009980000000098244, 0.0022840000000030614, 0.0036029999999982465, 0.00548700000000224, 0.007084000000006085, 0.01108899999999835, 0.012833000000000538, 0.015986999999995533, 0.01911199999997848]
Test from 100 to 1000
[100, 190, 280, 370, 460, 550, 640, 730, 820, 910]
[0.0004130000000088785, 0.0010460000000023228, 0.0022979999999961365, 0.0034470000000226264, 0.005290999999999713, 0.0069780000000037035, 0.01014700000001767, 0.01280900000000429, 0.016183999999981324, 0.031182000000001153]
Test from 100 to 1000
[100, 190, 280, 370, 460, 550, 640, 730, 820, 910]
[0.00043299999998680505, 0.0010320000000092477, 0.0023209999999949105, 0.003688000000011016, 0.005615000000005921, 0.007101000000005797, 0.011223000000001093, 0.013141000000018721, 0.015736999999973023, 0.020190000000013697]
Test from 100 to 1000
[100, 190, 280, 370, 460, 550, 640, 730, 820, 910]
[0.00040500000000065484, 0.001174999999989268, 0.0023410000000012587, 0.00346099999998728, 0.00543700000000058, 0.007254999999986467, 0.00998400000000288, 0.013277000000016415, 0.015529000000015003, 0.022783000000003995]
Test from 100 to 1000
[100, 190, 280, 370, 460, 550, 640, 730, 820, 910]
[0.0010850000000000026, 0.0020629999999999954, 0.003695000000000004, 0.005640000000000034, 0.007666999999999979, 0.01009199999999999, 0.013926000000000105, 0.017437999999999843, 0.01963000000000026, 0.03408500000000014]
Test from 100 to 1000
[100, 190, 280, 370, 460, 550, 640, 730, 820, 910]
[0.0009689999999995536, 0.0023540000000004113, 0.0037009999999995102, 0.005948000000000064, 0.008063999999999183, 0.010299999999999088, 0.01363100000000017, 0.017337999999998743, 0.02012999999999998, 0.02413600000000038]
Test from 100 to 1000
[100, 190, 280, 370, 460, 550, 640, 730, 820, 910]
[0.0009630000000004912, 0.002049999999998775, 0.00364399999999776, 0.005306999999998396, 0.007480999999998517, 0.010023000000000337, 0.012906999999998447, 0.016576999999998066, 0.019769000000000148, 0.02408099999999891]
Test from 100 to 1000
[100, 190, 280, 370, 460, 550, 640, 730, 820, 910]
[0.0010079999999987876, 0.002088999999998009, 0.003921999999999315, 0.0057179999999981135, 0.008464000000000027, 0.009896999999998712, 0.013507999999998077, 0.01733199999999968, 0.01904299999999992, 0.024911999999996937]
Test from 100 to 1000
[100, 190, 280, 370, 460, 550, 640, 730, 820, 910]
[0.0010790000000007183, 0.002140000000000697, 0.003883000000001857, 0.005295000000000272, 0.007667999999998898, 0.009572000000005687, 0.012525999999994042, 0.01640800000000553, 0.020283999999996638, 0.02349500000000404]
Test from 100 to 1000
[100, 190, 280, 370, 460, 550, 640, 730, 820, 910]
[0.0010850000000033333, 0.00234400000000079, 0.003849000000002434, 0.006180000000000518, 0.00803300000000462, 0.009956999999999994, 0.013593999999997664, 0.01719800000000049, 0.019180999999996118, 0.023491999999997404]
Test from 100 to 1000
[100, 190, 280, 370, 460, 550, 640, 730, 820, 910]
[0.00102600000000308, 0.0022620000000017626, 0.004610999999997034, 0.005408000000002744, 0.008122000000000185, 0.010007000000001653, 0.01371199999999817, 0.017302000000000817, 0.020611000000002377, 0.023930000000000007]
Test from 100 to 1000
[100, 190, 280, 370, 460, 550, 640, 730, 820, 910]
[0.0009210000000052787, 0.0019419999999996662, 0.0036660000000026116, 0.005484000000002709, 0.008357000000003723, 0.009795000000003995, 0.012880000000002667, 0.015827999999999065, 0.020953000000005773, 0.030072000000004095]
Test from 100 to 1000
[100, 190, 280, 370, 460, 550, 640, 730, 820, 910]
[0.0009259999999997603, 0.0019580000000019027, 0.0036059999999977776, 0.005279000000001588, 0.007598000000001548, 0.009757999999997935, 0.013237000000003718, 0.016683000000000447, 0.01983300000000554, 0.024300999999994133]
Test from 100 to 1000
[100, 190, 280, 370, 460, 550, 640, 730, 820, 910]
[0.0010410000000007358, 0.002093999999999596, 0.003872000000001208, 0.0060280000000005884, 0.008106999999995423, 0.009977000000006342, 0.013418000000001484, 0.015932000000006497, 0.02154000000000167, 0.024253000000001634]
Test from 100 to 1000
[100, 190, 280, 370, 460, 550, 640, 730, 820, 910]
[0.0019120000000043547, 0.0034890000000018517, 0.0037000000000091404, 0.005444999999994593, 0.007521000000011213, 0.009597999999996887, 0.01387499999999875, 0.01630900000000679, 0.01946000000000936, 0.02308999999999628]
Test from 100 to 1000
[100, 190, 280, 370, 460, 550, 640, 730, 820, 910]
[0.0009689999999977772, 0.0020109999999959882, 0.0037039999999990414, 0.005312000000003536, 0.007677999999998519, 0.010257999999993217, 0.012872999999999024, 0.017747999999997432, 0.02640799999998933, 0.024149999999991678]
Test from 100 to 1000
[100, 190, 280, 370, 460, 550, 640, 730, 820, 910]
[0.0014730000000042764, 0.0022110000000026275, 0.0041980000000023665, 0.00561499999999171, 0.007787000000007538, 0.010351999999997474, 0.013221999999998957, 0.01774199999999837, 0.028308999999993034, 0.023762000000004946]
Test from 100 to 1000
[100, 190, 280, 370, 460, 550, 640, 730, 820, 910]
[0.0009100000000046293, 0.002267999999986614, 0.004267000000012899, 0.00513100000000577, 0.007678999999995995, 0.009618000000003235, 0.016047999999997842, 0.016467000000005783, 0.019069999999999254, 0.023102000000008616]
Test from 100 to 1000
[100, 190, 280, 370, 460, 550, 640, 730, 820, 910]
[0.000996000000000663, 0.002235999999996352, 0.003956000000002291, 0.005516000000000076, 0.008105999999997948, 0.011223000000001093, 0.013990999999990095, 0.017986000000007607, 0.01955300000000193, 0.024229000000005385]
Test from 100 to 1000
[100, 190, 280, 370, 460, 550, 640, 730, 820, 910]
[0.0010029999999972006, 0.002263999999996713, 0.003776000000002, 0.005332000000009884, 0.008219999999994343, 0.010045000000005189, 0.01329499999999939, 0.016694000000001097, 0.020384999999990328, 0.026325999999997407]
Test from 100 to 1000
[100, 190, 280, 370, 460, 550, 640, 730, 820, 910]
[0.0009619999999870288, 0.0020580000000052223, 0.0039029999999939946, 0.005398999999997045, 0.007928000000006818, 0.009968999999998118, 0.015416999999999348, 0.01651099999999417, 0.01936599999999089, 0.02441899999999464]
Test from 100 to 1000
[100, 190, 280, 370, 460, 550, 640, 730, 820, 910]
[0.0010629999999878237, 0.0021100000000160435, 0.00398900000001845, 0.005379000000004908, 0.007962999999989506, 0.009951999999998407, 0.013614000000018223, 0.017367000000007238, 0.019418999999999187, 0.03390999999999167]
Test from 100 to 1000
[100, 190, 280, 370, 460, 550, 640, 730, 820, 910]
[0.0008630000000096061, 0.0019810000000006767, 0.0036900000000059663, 0.005471999999997479, 0.007914999999997008, 0.010165000000000646, 0.014704000000023143, 0.017058999999989055, 0.01984999999999104, 0.025748999999990474]
Test from 100 to 1000
[100, 190, 280, 370, 460, 550, 640, 730, 820, 910]
[0.0009710000000211494, 0.0019900000000063756, 0.0038969999999949323, 0.005305999999990263, 0.0075500000000090495, 0.009786000000019612, 0.013098000000013599, 0.022131999999999152, 0.019918999999987363, 0.02660099999999943]
