Test from 100 to 1000
[100, 190, 280, 370, 460, 550, 640, 730, 820, 910]
[0.0012999999999999956, 0.0028459999999999874, 0.006305000000000005, 0.008763000000000076, 0.01338499999999998, 0.017826999999999593, 0.024200999999999695, 0.033580999999998085, 0.036790999999997354, 0.04580500000000143]
Test from 100 to 1000
[100, 190, 280, 370, 460, 550, 640, 730, 820, 910]
[0.0011190000000027567, 0.0028129999999961797, 0.005881999999999721, 0.009653000000000134, 0.013289000000000328, 0.017822999999999922, 0.026503000000005272, 0.03286800000000767, 0.03714499999999532, 0.046568000000007714]
Test from 100 to 1000
[100, 190, 280, 370, 460, 550, 640, 730, 820, 910]
[0.001185000000006653, 0.0030309999999929005, 0.006115999999991573, 0.00924999999999443, 0.013272999999998092, 0.017860999999996352, 0.026282999999992285, 0.03212299999998436, 0.036664000000001806, 0.04557399999998779]
Test from 100 to 1000
[100, 190, 280, 370, 460, 550, 640, 730, 820, 910]
[0.0012609999999995125, 0.0030140000000073996, 0.006422000000014805, 0.008880000000004884, 0.014239000000003443, 0.018625000000014325, 0.02570199999999545, 0.030889000000001943, 0.036695000000008804, 0.061279000000013184]
Test from 100 to 1000
[100, 190, 280, 370, 460, 550, 640, 730, 820, 910]
[0.0014799999999866031, 0.0029940000000010514, 0.006078000000002248, 0.009514999999993279, 0.013651000000010072, 0.01883399999999824, 0.023172999999985677, 0.03156299999997714, 0.038904999999999745, 0.04563699999999926]
Test from 100 to 1000
[100, 190, 280, 370, 460, 550, 640, 730, 820, 910]
[0.0012309999999615684, 0.002912999999978183, 0.006019999999978154, 0.008982000000003154, 0.013620000000003074, 0.0195770000000266, 0.024368000000038137, 0.031214000000034048, 0.037550000000010186, 0.044543999999973494]
Test from 100 to 1000
[100, 190, 280, 370, 460, 550, 640, 730, 820, 910]
[0.0013040000000046348, 0.002823000000034881, 0.005870999999956439, 0.00887500000004593, 0.01362100000000055, 0.017465000000015607, 0.024141000000042823, 0.030216999999993277, 0.03773400000000038, 0.04662799999999834]
Test from 100 to 1000
[100, 190, 280, 370, 460, 550, 640, 730, 820, 910]
[0.0013569999999845095, 0.0029289999999946303, 0.00611199999997325, 0.009214000000042688, 0.013596999999947457, 0.019092999999998028, 0.023523000000011507, 0.03174699999999575, 0.04312500000003183, 0.052672000000029584]
Test from 100 to 1000
[100, 190, 280, 370, 460, 550, 640, 730, 820, 910]
[0.0011640000000170403, 0.0027950000000487307, 0.006042000000036296, 0.009720999999956348, 0.01380100000000084, 0.017732000000023618, 0.02327900000000227, 0.03228599999999915, 0.044493999999986045, 0.05537999999995691]
Test from 100 to 1000
[100, 190, 280, 370, 460, 550, 640, 730, 820, 910]
[0.0015210000000251966, 0.003053000000022621, 0.006397999999990134, 0.0089380000000574, 0.014229999999997744, 0.017650000000003274, 0.024454999999989013, 0.030677999999966232, 0.049958999999944353, 0.04741999999998825]
Test from 100 to 1000
[100, 190, 280, 370, 460, 550, 640, 730, 820, 910]
[0.001474000000000003, 0.002948000000000006, 0.0062510000000000066, 0.00962200000000002, 0.01438700000000015, 0.018378000000000227, 0.028717999999999577, 0.03710900000000095, 0.040138999999999925, 0.05111800000000244]
Test from 100 to 1000
[100, 190, 280, 370, 460, 550, 640, 730, 820, 910]
[0.001264999999996519, 0.0030830000000037217, 0.006706999999998686, 0.009864000000000317, 0.016089000000000908, 0.019500000000007844, 0.032911999999996056, 0.03441000000000827, 0.04194800000000498, 0.05022300000000257]
Test from 100 to 1000
[100, 190, 280, 370, 460, 550, 640, 730, 820, 910]
[0.0012760000000042737, 0.0033130000000056725, 0.006595000000004347, 0.00966900000000237, 0.014630000000011023, 0.021638999999993302, 0.025919999999985066, 0.03438800000000697, 0.04015000000001123, 0.050028999999994994]
Test from 100 to 1000
[100, 190, 280, 370, 460, 550, 640, 730, 820, 910]
[0.001301000000012209, 0.003199999999992542, 0.006467999999983931, 0.010482000000024527, 0.015160999999977776, 0.020189999999985275, 0.02619300000000635, 0.03553000000002271, 0.04605899999998542, 0.05532800000000293]
Test from 100 to 1000
[100, 190, 280, 370, 460, 550, 640, 730, 820, 910]
[0.0013199999999926604, 0.003101999999984173, 0.006713999999988118, 0.009572999999988951, 0.014726999999993495, 0.019026999999994132, 0.025487999999995736, 0.03720599999999763, 0.04085999999995238, 0.0509349999999813]
Test from 100 to 1000
[100, 190, 280, 370, 460, 550, 640, 730, 820, 910]
[0.0013289999999983593, 0.0030600000000049477, 0.006307999999989988, 0.009560000000021773, 0.01446499999997286, 0.019099000000039723, 0.026060000000029504, 0.03425900000002002, 0.05078400000002148, 0.05209100000001854]
Test from 100 to 1000
[100, 190, 280, 370, 460, 550, 640, 730, 820, 910]
[0.0020389999999679276, 0.0029829999999719803, 0.0061939999999935935, 0.009621999999978925, 0.014010999999982232, 0.018754999999998745, 0.025578000000052725, 0.03251999999997679, 0.041307000000017524, 0.05133499999999458]
Test from 100 to 1000
[100, 190, 280, 370, 460, 550, 640, 730, 820, 910]
[0.001186000000018339, 0.0029140000000325017, 0.006071000000019922, 0.009453000000007705, 0.017225999999993746, 0.019643000000030497, 0.025541999999973086, 0.03808200000003126, 0.0398710000000051, 0.05073299999997971]
Test from 100 to 1000
[100, 190, 280, 370, 460, 550, 640, 730, 820, 910]
[0.001320999999961714, 0.0032199999999988904, 0.006531999999992877, 0.010038000000008651, 0.015338999999983116, 0.01892899999995734, 0.026339000000007218, 0.033254999999996926, 0.04145600000003924, 0.05073000000004413]
Test from 100 to 1000
[100, 190, 280, 370, 460, 550, 640, 730, 820, 910]
[0.001238000000057582, 0.003019999999992251, 0.006254000000012638, 0.009250999999949272, 0.015038000000004104, 0.020096000000080494, 0.0266990000000078, 0.03650900000002366, 0.0419329999999718, 0.050244000000020606]
